eye	startTime	endTime	duration	positionX	positionY	
1	7481518080	0	0	1181.130004882812	753.5599975585938	
-1	7481518080	0	0	1181.130004882812	753.5599975585938	
1	7481518080	7481659904	141864	1183.359985351562	751.52001953125	
-1	7481518080	7481659904	141864	1183.359985351562	751.52001953125	
1	7481873920	0	0	1446.619995117188	955.4099731445312	
-1	7481873920	0	0	1446.619995117188	955.4099731445312	
1	7481873920	7481997824	124132	1440.910034179688	953.0599975585938	
-1	7481873920	7481997824	124132	1440.910034179688	953.0599975585938	
1	7482037760	0	0	806.1300048828125	691.0499877929688	
-1	7482037760	0	0	806.1300048828125	691.0499877929688	
1	7482037760	7482213888	176128	805.3699951171875	695.1799926757812	
-1	7482037760	7482213888	176128	805.3699951171875	695.1799926757812	
1	7482215936	0	0	805.4600219726562	697.5499877929688	
-1	7482215936	0	0	805.4600219726562	697.5499877929688	
1	7482215936	7482872320	656216	803.3499755859375	709.3599853515625	
-1	7482215936	7482872320	656216	803.3499755859375	709.3599853515625	
-1	7482918400	0	0	1289.880004882812	1071.579956054688	
1	7482918400	0	0	1289.880004882812	1071.579956054688	
-1	7482918400	7483004416	86098	1290.2900390625	1072.2099609375	
1	7482918400	7483004416	86098	1290.2900390625	1072.2099609375	
1	7483006464	0	0	1295.079956054688	1079.93994140625	
-1	7483006464	0	0	1295.079956054688	1079.93994140625	
-1	7483006464	7483302400	296146	1296.680053710938	1077.02001953125	
1	7483006464	7483302400	296146	1296.680053710938	1077.02001953125	
-1	7483322368	0	0	1275.339965820312	726.6599731445312	
1	7483322368	0	0	1275.339965820312	726.6599731445312	
-1	7483322368	7483412480	90011	1275.829956054688	725.3800048828125	
1	7483322368	7483412480	90011	1275.829956054688	725.3800048828125	
-1	7483414528	0	0	1288.489990234375	713.6599731445312	
1	7483414528	0	0	1288.489990234375	713.6599731445312	
-1	7483414528	7483654656	240097	1287.47998046875	710.7999877929688	
1	7483414528	7483654656	240097	1287.47998046875	710.7999877929688	
1	7483672576	0	0	1367.4599609375	447.3299865722656	
-1	7483672576	0	0	1367.4599609375	447.3299865722656	
-1	7483672576	7483802624	130109	1364.9599609375	442.3299865722656	
1	7483672576	7483802624	130109	1364.9599609375	442.3299865722656	
-1	7483804672	0	0	1354.9599609375	435.8500061035156	
1	7483804672	0	0	1354.9599609375	435.8500061035156	
1	7483804672	7484154880	350095	1359.760009765625	423.9700012207031	
-1	7483804672	7484154880	350095	1359.760009765625	423.9700012207031	
1	7484190720	0	0	783	482.4299926757812	
-1	7484190720	0	0	783	482.4299926757812	
1	7484190720	7484487680	296687	779.1799926757812	481.739990234375	
-1	7484190720	7484487680	296687	779.1799926757812	481.739990234375	
1	7484531200	0	0	320.260009765625	814.2100219726562	
-1	7484531200	0	0	320.260009765625	814.2100219726562	
1	7484531200	7484857344	326121	316.3299865722656	817.719970703125	
-1	7484531200	7484857344	326121	316.3299865722656	817.719970703125	
-1	7485215232	0	0	779.5599975585938	911.6099853515625	
1	7485215232	0	0	779.5599975585938	911.6099853515625	
-1	7485215232	7485531648	316217	785.6599731445312	917.2000122070312	
1	7485215232	7485531648	316217	785.6599731445312	917.2000122070312	
1	7485557760	0	0	1211.890014648438	1062.109985351562	
-1	7485557760	0	0	1211.890014648438	1062.109985351562	
-1	7485557760	7485743616	185955	1214.760009765625	1065.910034179688	
1	7485557760	7485743616	185955	1214.760009765625	1065.910034179688	
1	7486045696	0	0	1371.339965820312	506.6199951171875	
-1	7486045696	0	0	1371.339965820312	506.6199951171875	
-1	7486045696	7486422016	376112	1377.719970703125	513.3699951171875	
1	7486045696	7486422016	376112	1377.719970703125	513.3699951171875	
1	7486459904	0	0	1098.780029296875	293.0899963378906	
-1	7486459904	0	0	1098.780029296875	293.0899963378906	
1	7486459904	7486563840	103989	1096.390014648438	291.5	
1	7481518080	0	0	1181.130004882812	753.5599975585938	
-1	7481518080	0	0	1181.130004882812	753.5599975585938	
1	7481518080	7481659904	141864	1183.359985351562	751.52001953125	
-1	7481518080	7481659904	141864	1183.359985351562	751.52001953125	
1	7481873920	0	0	1446.619995117188	955.4099731445312	
-1	7481873920	0	0	1446.619995117188	955.4099731445312	
1	7481873920	7481997824	124132	1440.910034179688	953.0599975585938	
-1	7481873920	7481997824	124132	1440.910034179688	953.0599975585938	
1	7482037760	0	0	806.1300048828125	691.0499877929688	
-1	7482037760	0	0	806.1300048828125	691.0499877929688	
1	7482037760	7482213888	176128	805.3699951171875	695.1799926757812	
-1	7482037760	7482213888	176128	805.3699951171875	695.1799926757812	
1	7482215936	0	0	805.4600219726562	697.5499877929688	
-1	7482215936	0	0	805.4600219726562	697.5499877929688	
1	7482215936	7482872320	656216	803.3499755859375	709.3599853515625	
-1	7482215936	7482872320	656216	803.3499755859375	709.3599853515625	
-1	7482918400	0	0	1289.880004882812	1071.579956054688	
1	7482918400	0	0	1289.880004882812	1071.579956054688	
-1	7482918400	7483004416	86098	1290.2900390625	1072.2099609375	
1	7482918400	7483004416	86098	1290.2900390625	1072.2099609375	
1	7483006464	0	0	1295.079956054688	1079.93994140625	
-1	7483006464	0	0	1295.079956054688	1079.93994140625	
-1	7483006464	7483302400	296146	1296.680053710938	1077.02001953125	
1	7483006464	7483302400	296146	1296.680053710938	1077.02001953125	
-1	7483322368	0	0	1275.339965820312	726.6599731445312	
1	7483322368	0	0	1275.339965820312	726.6599731445312	
-1	7483322368	7483412480	90011	1275.829956054688	725.3800048828125	
1	7483322368	7483412480	90011	1275.829956054688	725.3800048828125	
-1	7483414528	0	0	1288.489990234375	713.6599731445312	
1	7483414528	0	0	1288.489990234375	713.6599731445312	
-1	7483414528	7483654656	240097	1287.47998046875	710.7999877929688	
1	7483414528	7483654656	240097	1287.47998046875	710.7999877929688	
1	7483672576	0	0	1367.4599609375	447.3299865722656	
-1	7483672576	0	0	1367.4599609375	447.3299865722656	
-1	7483672576	7483802624	130109	1364.9599609375	442.3299865722656	
1	7483672576	7483802624	130109	1364.9599609375	442.3299865722656	
-1	7483804672	0	0	1354.9599609375	435.8500061035156	
1	7483804672	0	0	1354.9599609375	435.8500061035156	
1	7483804672	7484154880	350095	1359.760009765625	423.9700012207031	
-1	7483804672	7484154880	350095	1359.760009765625	423.9700012207031	
1	7484190720	0	0	783	482.4299926757812	
-1	7484190720	0	0	783	482.4299926757812	
1	7484190720	7484487680	296687	779.1799926757812	481.739990234375	
-1	7484190720	7484487680	296687	779.1799926757812	481.739990234375	
1	7484531200	0	0	320.260009765625	814.2100219726562	
-1	7484531200	0	0	320.260009765625	814.2100219726562	
1	7484531200	7484857344	326121	316.3299865722656	817.719970703125	
-1	7484531200	7484857344	326121	316.3299865722656	817.719970703125	
-1	7485215232	0	0	779.5599975585938	911.6099853515625	
1	7485215232	0	0	779.5599975585938	911.6099853515625	
-1	7485215232	7485531648	316217	785.6599731445312	917.2000122070312	
1	7485215232	7485531648	316217	785.6599731445312	917.2000122070312	
1	7485557760	0	0	1211.890014648438	1062.109985351562	
-1	7485557760	0	0	1211.890014648438	1062.109985351562	
-1	7485557760	7485743616	185955	1214.760009765625	1065.910034179688	
1	7485557760	7485743616	185955	1214.760009765625	1065.910034179688	
1	7486045696	0	0	1371.339965820312	506.6199951171875	
-1	7486045696	0	0	1371.339965820312	506.6199951171875	
-1	7486045696	7486422016	376112	1377.719970703125	513.3699951171875	
1	7486045696	7486422016	376112	1377.719970703125	513.3699951171875	
1	7486459904	0	0	1098.780029296875	293.0899963378906	
-1	7486459904	0	0	1098.780029296875	293.0899963378906	
1	7486459904	7486563840	103989	1096.390014648438	291.5	
-1	7486459904	7486563840	103989	1096.390014648438	291.5	
-1	7486633984	0	0	477.5400085449219	305.2000122070312	
1	7486633984	0	0	477.5400085449219	305.2000122070312	
1	7486633984	7486748160	114129	477.1300048828125	303.0400085449219	
-1	7486633984	7486748160	114129	477.1300048828125	303.0400085449219	
1	7486749696	0	0	464.7699890136719	289.2799987792969	
-1	7486749696	0	0	464.7699890136719	289.2799987792969	
-1	7486749696	7486945792	196043	470.2699890136719	296.2699890136719	
1	7486749696	7486945792	196043	470.2699890136719	296.2699890136719	
1	7486984192	0	0	279.9500122070312	753.1599731445312	
-1	7486984192	0	0	279.9500122070312	753.1599731445312	
1	7486984192	7487254016	270097	275.75	753.0999755859375	
-1	7486984192	7487254016	270097	275.75	753.0999755859375	
-1	7487256064	0	0	263.6799926757812	764.030029296875	
1	7487256064	0	0	263.6799926757812	764.030029296875	
-1	7487256064	7487472128	216131	261.6400146484375	761.1400146484375	
1	7487256064	7487472128	216131	261.6400146484375	761.1400146484375	
-1	7487524352	0	0	1103.890014648438	929.8099975585938	
1	7487524352	0	0	1103.890014648438	929.8099975585938	
1	7487524352	7487642624	118106	1104.7099609375	935.0499877929688	
-1	7487524352	7487642624	118106	1104.7099609375	935.0499877929688	
-1	7487644160	0	0	1095.420043945312	954.0499877929688	
1	7487644160	0	0	1095.420043945312	954.0499877929688	
1	7487644160	7488404480	760328	1087.0400390625	973.7899780273438	
-1	7487644160	7488404480	760328	1087.0400390625	973.7899780273438	
-1	7489064960	0	0	1348.72998046875	1054.56005859375	
1	7489064960	0	0	1348.72998046875	1054.56005859375	
1	7489064960	7489254912	190105	1339.030029296875	1051.47998046875	
-1	7489064960	7489254912	190105	1339.030029296875	1051.47998046875	
1	7489534976	0	0	1455.099975585938	770.760009765625	
-1	7489534976	0	0	1455.099975585938	770.760009765625	
1	7489534976	7489749504	214111	1453.369995117188	765.7000122070312	
1	7498645504	0	0	1068.109985351562	964.719970703125	
-1	7498645504	0	0	1068.109985351562	964.719970703125	
1	7498645504	7498927616	281991	1067.81005859375	965.0599975585938	
-1	7498645504	7498927616	281991	1067.81005859375	965.0599975585938	
1	7499007488	0	0	482.1400146484375	387.2799987792969	
-1	7499007488	0	0	482.1400146484375	387.2799987792969	
-1	7499007488	7499129856	121994	479.7000122070312	381.6700134277344	
1	7499007488	7499129856	121994	479.7000122070312	381.6700134277344	
-1	7499131392	0	0	469.1499938964844	359.0299987792969	
1	7499131392	0	0	469.1499938964844	359.0299987792969	
-1	7499131392	7499767808	636325	452.1700134277344	330.75	
1	7499131392	7499767808	636325	452.1700134277344	330.75	
-1	7499773952	0	0	357.1300048828125	281.9599914550781	
1	7499773952	0	0	357.1300048828125	281.9599914550781	
1	7499773952	7499912192	137961	359.3699951171875	284.0799865722656	
-1	7499773952	7499912192	137961	359.3699951171875	284.0799865722656	
-1	7499994112	0	0	1634.900024414062	268.7699890136719	
1	7499994112	0	0	1634.900024414062	268.7699890136719	
-1	7499994112	7500242432	248103	1624.920043945312	275.5199890136719	
1	7499994112	7500242432	248103	1624.920043945312	275.5199890136719	
1	7500300288	0	0	1622.780029296875	286.4100036621094	
-1	7500300288	0	0	1622.780029296875	286.4100036621094	
1	7500300288	7500758528	458198	1618.47998046875	287.1600036621094	
-1	7500300288	7500758528	458198	1618.47998046875	287.1600036621094	
1	7500760576	0	0	1679.56005859375	269.0899963378906	
-1	7500760576	0	0	1679.56005859375	269.0899963378906	
1	7500760576	7500990464	230103	1669.800048828125	282.6600036621094	
-1	7500760576	7500990464	230103	1669.800048828125	282.6600036621094	
-1	7500992512	0	0	1649.069946289062	158.9100036621094	
1	7500992512	0	0	1649.069946289062	158.9100036621094	
1	7500992512	7501148672	156015	1653.260009765625	164.5500030517578	
-1	7500992512	7501148672	156015	1653.260009765625	164.5500030517578	
-1	7501176320	0	0	1596.920043945312	210.5299987792969	
1	7501176320	0	0	1596.920043945312	210.5299987792969	
1	7501176320	7501270528	94131	1595.430053710938	212.4600067138672	
-1	7501176320	7501270528	94131	1595.430053710938	212.4600067138672	
1	7501272576	0	0	1574.829956054688	238.8000030517578	
-1	7501272576	0	0	1574.829956054688	238.8000030517578	
-1	7501272576	7501354496	82008	1574.829956054688	238.8000030517578	
1	7501272576	7501354496	82008	1574.829956054688	238.8000030517578	
1	7501398528	0	0	1642.920043945312	723.739990234375	
-1	7501398528	0	0	1642.920043945312	723.739990234375	
1	7501398528	7501536768	138132	1657.109985351562	720.489990234375	
-1	7501398528	7501536768	138132	1657.109985351562	720.489990234375	
1	7501576704	0	0	1678.099975585938	931.2999877929688	
-1	7501576704	0	0	1678.099975585938	931.2999877929688	
1	7501576704	7501767168	190526	1687.130004882812	927.0999755859375	
-1	7501576704	7501767168	190526	1687.130004882812	927.0999755859375	
1	7501768704	0	0	1733.9599609375	865.8800048828125	
-1	7501768704	0	0	1733.9599609375	865.8800048828125	
-1	7501768704	7502085120	316013	1751.930053710938	858.719970703125	
1	7501768704	7502085120	316013	1751.930053710938	858.719970703125	
-1	7502087168	0	0	1777.18994140625	840.9400024414062	
1	7502087168	0	0	1777.18994140625	840.9400024414062	
-1	7502087168	7502347264	260103	1769.18994140625	844.9000244140625	
1	7502087168	7502347264	260103	1769.18994140625	844.9000244140625	
1	7502433280	0	0	246.1399993896484	1039.699951171875	
-1	7502433280	0	0	246.1399993896484	1039.699951171875	
1	7502433280	7502837248	404196	249.4900054931641	1026.31005859375	
-1	7502433280	7502837248	404196	249.4900054931641	1026.31005859375	
1	7502853120	0	0	169.7700042724609	1035.52001953125	
-1	7502853120	0	0	169.7700042724609	1035.52001953125	
1	7502853120	7502961152	108039	165.1900024414062	1036.719970703125	
1	7498645504	0	0	1068.109985351562	964.719970703125	
-1	7498645504	0	0	1068.109985351562	964.719970703125	
1	7498645504	7498927616	281991	1067.81005859375	965.0599975585938	
-1	7498645504	7498927616	281991	1067.81005859375	965.0599975585938	
1	7499007488	0	0	482.1400146484375	387.2799987792969	
-1	7499007488	0	0	482.1400146484375	387.2799987792969	
-1	7499007488	7499129856	121994	479.7000122070312	381.6700134277344	
1	7499007488	7499129856	121994	479.7000122070312	381.6700134277344	
-1	7499131392	0	0	469.1499938964844	359.0299987792969	
1	7499131392	0	0	469.1499938964844	359.0299987792969	
-1	7499131392	7499767808	636325	452.1700134277344	330.75	
1	7499131392	7499767808	636325	452.1700134277344	330.75	
-1	7499773952	0	0	357.1300048828125	281.9599914550781	
1	7499773952	0	0	357.1300048828125	281.9599914550781	
1	7499773952	7499912192	137961	359.3699951171875	284.0799865722656	
-1	7499773952	7499912192	137961	359.3699951171875	284.0799865722656	
-1	7499994112	0	0	1634.900024414062	268.7699890136719	
1	7499994112	0	0	1634.900024414062	268.7699890136719	
-1	7499994112	7500242432	248103	1624.920043945312	275.5199890136719	
1	7499994112	7500242432	248103	1624.920043945312	275.5199890136719	
1	7500300288	0	0	1622.780029296875	286.4100036621094	
-1	7500300288	0	0	1622.780029296875	286.4100036621094	
1	7500300288	7500758528	458198	1618.47998046875	287.1600036621094	
-1	7500300288	7500758528	458198	1618.47998046875	287.1600036621094	
1	7500760576	0	0	1679.56005859375	269.0899963378906	
-1	7500760576	0	0	1679.56005859375	269.0899963378906	
1	7500760576	7500990464	230103	1669.800048828125	282.6600036621094	
-1	7500760576	7500990464	230103	1669.800048828125	282.6600036621094	
-1	7500992512	0	0	1649.069946289062	158.9100036621094	
1	7500992512	0	0	1649.069946289062	158.9100036621094	
1	7500992512	7501148672	156015	1653.260009765625	164.5500030517578	
-1	7500992512	7501148672	156015	1653.260009765625	164.5500030517578	
-1	7501176320	0	0	1596.920043945312	210.5299987792969	
1	7501176320	0	0	1596.920043945312	210.5299987792969	
1	7501176320	7501270528	94131	1595.430053710938	212.4600067138672	
-1	7501176320	7501270528	94131	1595.430053710938	212.4600067138672	
1	7501272576	0	0	1574.829956054688	238.8000030517578	
-1	7501272576	0	0	1574.829956054688	238.8000030517578	
-1	7501272576	7501354496	82008	1574.829956054688	238.8000030517578	
1	7501272576	7501354496	82008	1574.829956054688	238.8000030517578	
1	7501398528	0	0	1642.920043945312	723.739990234375	
-1	7501398528	0	0	1642.920043945312	723.739990234375	
1	7501398528	7501536768	138132	1657.109985351562	720.489990234375	
-1	7501398528	7501536768	138132	1657.109985351562	720.489990234375	
1	7501576704	0	0	1678.099975585938	931.2999877929688	
-1	7501576704	0	0	1678.099975585938	931.2999877929688	
1	7501576704	7501767168	190526	1687.130004882812	927.0999755859375	
-1	7501576704	7501767168	190526	1687.130004882812	927.0999755859375	
1	7501768704	0	0	1733.9599609375	865.8800048828125	
-1	7501768704	0	0	1733.9599609375	865.8800048828125	
-1	7501768704	7502085120	316013	1751.930053710938	858.719970703125	
1	7501768704	7502085120	316013	1751.930053710938	858.719970703125	
-1	7502087168	0	0	1777.18994140625	840.9400024414062	
1	7502087168	0	0	1777.18994140625	840.9400024414062	
-1	7502087168	7502347264	260103	1769.18994140625	844.9000244140625	
1	7502087168	7502347264	260103	1769.18994140625	844.9000244140625	
1	7502433280	0	0	246.1399993896484	1039.699951171875	
-1	7502433280	0	0	246.1399993896484	1039.699951171875	
1	7502433280	7502837248	404196	249.4900054931641	1026.31005859375	
-1	7502433280	7502837248	404196	249.4900054931641	1026.31005859375	
1	7502853120	0	0	169.7700042724609	1035.52001953125	
-1	7502853120	0	0	169.7700042724609	1035.52001953125	
1	7502853120	7502961152	108039	165.1900024414062	1036.719970703125	
-1	7502853120	7502961152	108039	165.1900024414062	1036.719970703125	
1	7502963200	0	0	131.0700073242188	1047.839965820312	
-1	7502963200	0	0	131.0700073242188	1047.839965820312	
1	7502963200	7503675392	712329	127.5299987792969	1025.989990234375	
-1	7502963200	7503675392	712329	127.5299987792969	1025.989990234375	
-1	7503677440	0	0	108.2900009155273	1022.619995117188	
1	7503677440	0	0	108.2900009155273	1022.619995117188	
1	7503677440	7503877632	200121	111.0299987792969	1023.010009765625	
-1	7503677440	7503877632	200121	111.0299987792969	1023.010009765625	
1	7503943680	0	0	301.6400146484375	169.8600006103516	
-1	7503943680	0	0	301.6400146484375	169.8600006103516	
-1	7503943680	7504079872	136123	308.1000061035156	182.3600006103516	
1	7503943680	7504079872	136123	308.1000061035156	182.3600006103516	
-1	7504081920	0	0	340.9200134277344	217.0599975585938	
1	7504081920	0	0	340.9200134277344	217.0599975585938	
-1	7504081920	7504401920	320085	338.7799987792969	245.7200012207031	
1	7504081920	7504401920	320085	338.7799987792969	245.7200012207031	
-1	7504403968	0	0	368.3699951171875	272.5499877929688	
1	7504403968	0	0	368.3699951171875	272.5499877929688	
1	7504403968	7505252352	848343	353.5199890136719	271.4500122070312	
-1	7504403968	7505252352	848343	353.5199890136719	271.4500122070312	
1	7505346048	0	0	1472.099975585938	120.6699981689453	
-1	7505346048	0	0	1472.099975585938	120.6699981689453	
1	7505346048	7505432576	86141	1473.609985351562	121.2300033569336	
-1	7505346048	7505432576	86141	1473.609985351562	121.2300033569336	
1	7505518592	0	0	1633.219970703125	116.1600036621094	
-1	7505518592	0	0	1633.219970703125	116.1600036621094	
1	7505518592	7505638400	120135	1638.050048828125	115.6900024414062	
-1	7505518592	7505638400	120135	1638.050048828125	115.6900024414062	
1	7505640448	0	0	1661.849975585938	142.3800048828125	
-1	7505640448	0	0	1661.849975585938	142.3800048828125	
1	7505640448	7505780736	139993	1672.25	139.9900054931641	
-1	7505640448	7505780736	139993	1672.25	139.9900054931641	
-1	7506192896	0	0	1687.920043945312	244.1000061035156	
1	7506192896	0	0	1687.920043945312	244.1000061035156	
1	7506192896	7506292736	100004	1689.699951171875	241.0899963378906	
-1	7506192896	7506292736	100004	1689.699951171875	241.0899963378906	
1	7506346496	0	0	1634.949951171875	234.9299926757812	
-1	7506346496	0	0	1634.949951171875	234.9299926757812	
1	7506346496	7506457088	110117	1633.380004882812	237.8300018310547	
-1	7506346496	7506457088	110117	1633.380004882812	237.8300018310547	
1	7506622976	0	0	1592.300048828125	943.47998046875	
-1	7506622976	0	0	1592.300048828125	943.47998046875	
1	7506622976	7506726912	104120	1599.030029296875	939.72998046875	
-1	7506622976	7506726912	104120	1599.030029296875	939.72998046875	
1	7506728960	0	0	1640.660034179688	917.6500244140625	
-1	7506728960	0	0	1640.660034179688	917.6500244140625	
1	7506728960	7506812928	84066	1642.890014648438	916.4400024414062	
-1	7506728960	7506812928	84066	1642.890014648438	916.4400024414062	
1	7506814976	0	0	1681.349975585938	896.5499877929688	
-1	7506814976	0	0	1681.349975585938	896.5499877929688	
-1	7506814976	7507039232	224148	1704.469970703125	884.969970703125	
1	7506814976	7507039232	224148	1704.469970703125	884.969970703125	
-1	7507041280	0	0	1745.43994140625	868.25	
1	7507041280	0	0	1745.43994140625	868.25	
1	7507041280	7507663360	622205	1763.25	850.969970703125	
-1	7507041280	7507663360	622205	1763.25	850.969970703125	
1	7507665408	0	0	1787.369995117188	827.6900024414062	
-1	7507665408	0	0	1787.369995117188	827.6900024414062	
1	7507665408	7508029440	364228	1780.97998046875	826.6699829101562	
-1	7507665408	7508029440	364228	1780.97998046875	826.6699829101562	
-1	7508031488	0	0	1770.430053710938	842.8099975585938	
1	7508031488	0	0	1770.430053710938	842.8099975585938	
1	7508031488	7508193280	162010	1771.77001953125	846.280029296875	
-1	7512743424	0	0	1572.7900390625	786.3800048828125	
1	7512743424	0	0	1572.7900390625	786.3800048828125	
1	7512743424	7512835584	91989	1574.969970703125	784.6199951171875	
-1	7512743424	7512835584	91989	1574.969970703125	784.6199951171875	
-1	7512915456	0	0	1636.640014648438	902.030029296875	
1	7512915456	0	0	1636.640014648438	902.030029296875	
1	7512915456	7513009664	93984	1640.119995117188	900.530029296875	
-1	7512915456	7513009664	93984	1640.119995117188	900.530029296875	
1	7513011712	0	0	1680.839965820312	879.8800048828125	
-1	7513011712	0	0	1680.839965820312	879.8800048828125	
1	7513011712	7513161728	150002	1697.069946289062	873.969970703125	
-1	7513011712	7513161728	150002	1697.069946289062	873.969970703125	
1	7513163776	0	0	1730.02001953125	843.1400146484375	
-1	7513163776	0	0	1730.02001953125	843.1400146484375	
1	7513163776	7514264064	1100584	1741.219970703125	845.469970703125	
-1	7513163776	7514264064	1100584	1741.219970703125	845.469970703125	
-1	7514312192	0	0	1048.630004882812	987.3900146484375	
1	7514312192	0	0	1048.630004882812	987.3900146484375	
1	7514312192	7514398208	86016	1047.910034179688	988	
-1	7514312192	7514398208	86016	1047.910034179688	988	
-1	7514474496	0	0	309.6900024414062	1061.31005859375	
1	7514474496	0	0	309.6900024414062	1061.31005859375	
1	7514474496	7514632192	157991	306.0499877929688	1062.920043945312	
-1	7514474496	7514632192	157991	306.0499877929688	1062.920043945312	
-1	7514638336	0	0	211.6000061035156	1039.2900390625	
1	7514638336	0	0	211.6000061035156	1039.2900390625	
-1	7514638336	7514738688	100175	208.4400024414062	1036.93994140625	
1	7514638336	7514738688	100175	208.4400024414062	1036.93994140625	
-1	7514740224	0	0	201.2400054931641	1018.75	
1	7514740224	0	0	201.2400054931641	1018.75	
-1	7514740224	7514890240	150107	195.2599945068359	1018.059997558594	
1	7514740224	7514890240	150107	195.2599945068359	1018.059997558594	
1	7514898432	0	0	180.2899932861328	1012.359985351562	
-1	7514898432	0	0	180.2899932861328	1012.359985351562	
1	7514898432	7515202560	304095	176.5500030517578	1005.719970703125	
-1	7514898432	7515202560	304095	176.5500030517578	1005.719970703125	
-1	7515204608	0	0	122.4899978637695	1001.940002441406	
1	7515204608	0	0	122.4899978637695	1001.940002441406	
-1	7515204608	7515806720	602358	124.6399993896484	1004.659973144531	
1	7515204608	7515806720	602358	124.6399993896484	1004.659973144531	
1	7515876864	0	0	317.7799987792969	226.1999969482422	
-1	7515876864	0	0	317.7799987792969	226.1999969482422	
1	7515876864	7516022784	145989	324.489990234375	237.5099945068359	
-1	7515876864	7516022784	145989	324.489990234375	237.5099945068359	
-1	7516024832	0	0	344.9599914550781	269.489990234375	
1	7516024832	0	0	344.9599914550781	269.489990234375	
-1	7516024832	7516611072	586344	356.1799926757812	287.239990234375	
1	7516024832	7516611072	586344	356.1799926757812	287.239990234375	
1	7516613120	0	0	370.3800048828125	313.7999877929688	
-1	7516613120	0	0	370.3800048828125	313.7999877929688	
1	7516613120	7517389312	776303	380.739990234375	323.9100036621094	
-1	7516613120	7517389312	776303	380.739990234375	323.9100036621094	
1	7517577728	0	0	1486.0400390625	160.5500030517578	
-1	7517577728	0	0	1486.0400390625	160.5500030517578	
-1	7517577728	7517661696	84124	1486.0400390625	160.5500030517578	
1	7517577728	7517661696	84124	1486.0400390625	160.5500030517578	
1	7517663744	0	0	1529.06005859375	149.5700073242188	
-1	7517663744	0	0	1529.06005859375	149.5700073242188	
1	7517663744	7517781504	117969	1524.760009765625	151.7799987792969	
-1	7517663744	7517781504	117969	1524.760009765625	151.7799987792969	
-1	7517791744	0	0	1706.109985351562	132.1199951171875	
1	7517791744	0	0	1706.109985351562	132.1199951171875	
1	7517791744	7517889536	98126	1706.97998046875	136.4299926757812	
-1	7517791744	7517889536	98126	1706.97998046875	136.4299926757812	
-1	7517917696	0	0	1652.619995117188	196.2299957275391	
1	7517917696	0	0	1652.619995117188	196.2299957275391	
-1	7517917696	7517999616	82061	1652.619995117188	196.2299957275391	
1	7517917696	7517999616	82061	1652.619995117188	196.2299957275391	
-1	7518001664	0	0	1686.989990234375	200.8500061035156	
1	7518001664	0	0	1686.989990234375	200.8500061035156	
-1	7518001664	7518144000	142048	1694.760009765625	199.4199981689453	
1	7518001664	7518144000	142048	1694.760009765625	199.4199981689453	
-1	7518173696	0	0	1701.079956054688	234.9700012207031	
1	7518173696	0	0	1701.079956054688	234.9700012207031	
-1	7518173696	7518261760	88005	1700.079956054688	237.0899963378906	
1	7518173696	7518261760	88005	1700.079956054688	237.0899963378906	
1	7518287872	0	0	1678.099975585938	263.2799987792969	
-1	7518287872	0	0	1678.099975585938	263.2799987792969	
1	7518287872	7518406144	118122	1679.030029296875	264.2900085449219	
-1	7518287872	7518406144	118122	1679.030029296875	264.2900085449219	
1	7522659840	0	0	339.0899963378906	228.6999969482422	
-1	7522659840	0	0	339.0899963378906	228.6999969482422	
-1	7522659840	7522757632	98004	340.8599853515625	230.4199981689453	
